26 22 35 23           
31 18 28 33            
20 43 21 27             
41  22  30  25            
55  33  16  7             
34  31  29  23            
29  21  17  11            
36  49  21  48 
19  33  14  41            
23  51  46  42           
33 21  35 43            
33  49  33  34           
27  29  16  22
43  31  21  40
27  43  36  29
39  41  50  33
27  29  35  40
41  37  49  35
29  31  38  44
24  45  49  34
27  33  38  43
24  30 41  34
29  37  43  31
39  28  40  2